7898188203084
7891038390507
7896509945323
7896509946702
7896014131433
7896509945316
7891038318808
7791293784342
7896016121241
7896014124336
7896098900505
7891038390903
7891038349307
7891528020600
7896509946450
7891041516109
7891024135006
7891037005983
7891134001826
7896509945477
4005808816033
7896016121159
7891037003316
7896090400539
7891038319003
7896090400102
7891024114001
7791293784335
7891037611658
7891038363600
7891038318907
7891037003767
7891024131503
7891037744509
7896090400133
7791293022932
7891037009820
7891037001923
7891528038834
7891528039008
7896509945415
7891134002151
7896509946771
7898188203053
7891024132500
7896509945392
7891037011823
7891037011830
7896509946337
7896509946368
7896090400034
7891037003842
7896014140442
7891037003385
7896016121296
7896014140886
7891038309202
7896014143368
7896014140671
7896014131457
7896014125401
7896014124329
7896090401208
7896014124275
7896014124343
7891037744257
7896016121234
7891038309103
7896509946443
7896014140695
7896509946740
7896509945439
7896509945453
7891037006324
7891038353106
7896014140565
7891037613706
7896013500605
7891024113905
7891134002168
7896014140466
7891024135907
7896090400157
7891037744752
7891528039022
7891528039015
7896014140718
7896090400041
7891038315906
7896509946351
7896014124220
7791293999968
7891037009844
7891037557703
7891024117804
7891038303309
7896013500728
7896819402011
7891528038018
7896509945378
7891037003743
7791293884561
7891038320207
7891038315708
7896014140749
7896016121258
7896014124312
7791293784465
7891037005679
7891037611559
7896014140787
7896014140541
7891038309301
7896016121197
7891024134702
7891038349406
7791293884592
7791293022130
7891037006720
7896012100639
7891037003729
7891528038827
7791293022437
7891038363709
7896090660100
7896509945408
7896098900529
7896014125265
7791293897141
7896509946375
7896098900512
7896014140497
7896509946412
7891037010789
7898085944660
7896509946399
7896509945446
7896509946405
7891037002005
7791293268880
7896016121111
7791293028187
7896016121166
7891037002616
7891038309004
7891038318709
7891038349208
7891038300209
7891024112205
7896014125333
7896014143375
7896509945507
7891024135204
7891037001985
7896014131440
7891037837850
7891024133507
7896819402288
7896012100660
7896012100646
7891024113707
7891038309400
7891037611603
7899026405691
7896512900050
7891037003392
7896014124350
4005808816132
7896014124244
7891528038216
7891528038001
7896509946757
7897664110045
7891134001819
7896014125241
7896512905222
7896512900142
7896012100677
7896014140879
7791293127767
7791293567983
7891037011274
7891038320306
7896014140770
7896014140480
7896013500087
4005808816026
7891177816869
7891038315807
7891038352109
7891037008434
7894000050089
7898085943809
7896090401222
7896016121142
7896016121302
7896014140510
7896819402271
7891024133187
7891024133132
7891024110300
7891528032207
7891528032405
7891038348201
7896016121074
7896090400553
7896090400164
7891134002144
7891024132609
7891024132197
7891024133705
7891528038025
7896509945361
7891037744202
7891528030142
7898085943786
7896090400560
7896016121128
7896016121180
7896090400317
7896090400027
7791293028101
7896014143405
7896013502555
7896090400331
7896090400324
7800005090111
7891024119105
7896509945354
7791293999470
7891528038315
7891037001992
7896014125418
7896014158300
7896090401215
7891024132906
7891177816852
7891038363501
7896014146437
7896014125272
7896014124213
7891038320108
7896509945279
7891037003330
7891528038803
7896509945491
7896509945286
7896509946344
7891037011786
7896016121081
7791293784328
4005808816019
7896014124268
7891037169654
7590002037041
7891010008741
7891010008789
7891350003567
7896014153749
7896085833182
7896085813238
7896013512790
7897747100024
7891024174104
7891350003543
7896093021052
7896090401765
7896013509691
7897747100277
7897747100468
7896013521143
7891024180907
7896013512301
7897747100208
7897747100017
7891350003550
7891024174807
7896902217751
7896013511625
7896094909540
7898055690085
7896094909519
7891182007566
7896094907546
7891182017480
7891350023329
7896014149100
7891182050173
7891037145801
7891037004276
7896093050250
7896522021356
7891182017282
7891037006270
7891182122337
7896014101894
7896235319641
7896024404459
7891010099503
7896522023114
7896013508922
7891037000315
7898085942246
7896094909533
7896014149124
7896522023107
7891182007603
7898055690047
7896085813023
7896013523666
7897747100130
7896085813160
7891350013900
7896024402141
7896085813061
7891350022858
7896090401680
7891182018319
7898055690054
7891350023336
7896013511984
7896522022674
7896522022711
7891024180808
7896014123896
7896024402080
7896014123476
7896014123872
7896014102532
7896522021332
7896014153770
7891037645653
7896094908949
7891182018364
7891182015585
7891037009295
7898085943779
7891182018357
7891182006774
7891037002265
7896522021349
7896094908673
7891037144903
7891037009233
7891037008441
7898085943755
7896094920071
7898085942253
7891037002456
7897747100307
7896013512202
7891037001220
7896094909397
7896093052810
7896271300122
7897747100123
7899026405677
7898085943410
7891182007511
7891182007498
7891182010023
7896094909557
7891024176009
7896093041234
7899026405776
7896014148837
7896271300801
7896094908932
7896013521181
7891024171806
7891010008758
7891037009226
7896024402110
7891182015578
7891037145054
7896013509677
7896014146413
7896094908635
7891037009240
7896094908659
7899026405837
7899026405721
7899026405622
7891177818276
7896522022704
7896013510772
7891024172001
7891024172506
7891182013376
7891182010030
7896085833229
7896235319634
7896014153718
7891024173909
7896090702039
7896085870071
7896090401666
7891010031916
7891037169258
7893694007522
7891010034863
7891182013314
7896093041326
7896522022735
7896085833274
7891350025163
7896235319658
7891350007091
7896013523635
7896271300313
7896271300153
7896522022728
7891024185001
7896271300238
7891182120050
7896085813184
7896093021267
7897747100260
7896014104277
7891024174906
7896014123469
7897747100178
7896902204423
7898085943373
7896271300061
7896271300115
7896090401727
7896090401758
7891037169555
7891010031855
7891010032333
7891024172100
7897747100055
7896085833205
7896013512110
7891010047689
7896085813085
7896085823329
7891037169050
7896014153732
7891037144859
7891010034948
7891037007918
7896094924611
7896094924659
7891104491800
7899026405813
7896271300221
7891024172209
7891037009271
7896235319665
7896014124206
7891037169159
7891037002463
7896271300290
7891182017299
7891104491817
7896014137152
7896093052490
7896271300788
7896014153725
7891182007597
7896094908901
7896013511618
7891182015592
7891037004221
7891037009288
7893694058524
7891182007528
7891010008710
7891350025132
7891350022810
7891024174203
7896094908956
7898085943281
7899026405684
7891037000308
7896014123902
7891037145856
7896014123889
7896085823312
7896085870088
7891037004214
7891010034955
7896271300450
7896013523673
7896522022896
7590002037010
7896014153763
7893694075521
7896094907744
7896094924734
7891350015263
7897747100314
7891350013894
7896014123865
7899026405660
7896013523628
7891182006781
7891037002517
7896085813009
7891024171905
7899026405738
7891182010016
7891182120067
7891182017466
7891010008772
7896522022742
7896013501138
7891182017503
7891024171707
7891010036928
7891010039097
7896090401710
7896271300252
7891037002586
7891024172308
7896013512127
7891010034856
7891010031978
7896085813078
7896085813054
7897747100253
7896085813245
7891010008727
7891177882444
7891010047672
7896013502081
7891350023282
7896014102341
7891037145009
7896902201163
7896094909526
7896013521198
7896271300566
7891024172605
7891010047641
7896014146420
7896093052551
7891037145351
7891037001176
7893694008529
7896094909502
7891182070102
7891182007474
7896094920040
7891182017527
7891037007871
7891037007925
7891024174005
7891182007504
7891182007542
7891350007138
7898085943298
7891037145955
7891182050180
7896014148844
7896085813153
7896013510789
7891350023305
7896014149117
7899026405769
7896094908642
7896094924697
7899026405707
7891037009264
7891182018340
7891024175903
7899026405615
7896094907706
7891182007580
7891010034979
7891037006287
7898055690115
7891350023312
7891024184202
7896013525820
7891037009578
7896085813252
7896271300146
7590002037034
7896522022681
7896014101832
7896522022810
7590002037027
7896014153756
7891037009585
7891037010017
7891024172803
7891182007559
7896094907713
7891182013970
7896093041302
7896014101221
7891177882543
7891010047665
7896014137169
7590002028490
7590002028414
7891037003514
7896085812804
7897682000892
7891350011043
7891010006761
7896036113066
7891350011623
7896258315101
7891182870078
7897682000663
7897682000540
7891182018395
7898193070022
7891182018739
7896085860812
7891182000611
7896522021394
7891182860079
7898031170488
7898157614897
7891182015608
7891182015554
7896522022759
7896085823305
7896013510802
7896036121313
7896018701083
7896013525837
7896271300351
7896007520169
7896271300054
7896013521211
7897664110021
7891350023022
7896010170047
7896013501565
7891010028503
7897682000984
7897682000601
7897682000632
7897682000571
7891182015615
7891182005159
7891350002409
7891182870153
7898392810108
7896085813368
7891182014724
7891182013727
7891182018753
7891182870054
7891182860123
7891182000628
7891182870061
7891182870023
7891182870238
7891182013321
7891182850094
7891010047702
7896092000126
7896092000041
7898157615337
7896018701120
7898157615009
7896085840098
7891182013703
7898392810146
7896085813382
7891182017053
7590002028421
7896085833250
7896007520176
7896013521174
7896085812873
7896014160068
7891182018418
7891176113129
7896522022858
7896085840081
7898031170518
7891350023039
7896024404206
7896522022803
7891182870030
7891182015240
7891182017138
7891182850025
7891182018814
7891182013604
7896085813351
7790350142477
7898157617942
7898157615313
7896024413833
7898157615351
7898157614835
7898157614965
7891010006716
7896013501169
7896271300467
7891037010055
7896014160075
7891182018371
7896522022841
7898031170495
7898157614934
7896024413826
7891182011914
7896094909656
7896094909670
7891182850049
7891037006461
7896271300337
7896522022971
7891182850056
7891051008571
7896522022827
7896013512141
7896013523642
7898157617928
7898157615382
7898157617911
3014260290214
3014260258818
7897682000816
7891037006492
7891182018388
7896013510277
7891182840019
7891182860116
7896094909632
7891182018890
7896094909649
7896036123416
7891182004732
7590002028407
7896522022834
7896258315163
7898157618161
7896085812897
7891182006606
7891037008021
7891010028558
7891182015264
7896085860744
7891182040150
7891010006273
7896013523680
7896036111574
7891182018791
7891182015288
7891182050098
7891182007627
7891182840149
7891051008564
7590002028391
7896085833243
7891176135022
7891350022995
7896007510566
7891176113044
7891182018838
7590002028476
7891182870214
7897682000397
7891010006204
7896085860805
7891182014649
7896085813375
7891182860024
7891182840163
7891182040143
7891182018852
7891182001748
7891182870139
7891182018876
7896036111550
7891010096892
7891045038423
7590002028483
7891182870108
7891182006583
7896018701014
7898157617935
7891182870115
7891182014663
7896013507192
7896014135431
7891051036956
7891182015202
7896013510253
7896024413819
7896085860799
7891182840200
7898193070015
7891182018425
7896092000072
7891037006478
7897682000878
7891182840323
7891182850117
7896012806111
7891182017114
7896036113073
7896522021400
7891037144705
7896258315187
7896522022964
7896271300320
7896085833113
7896271300047
7896013512134
7891182850018
7896036123430
7896271300405
7896036111567
7893300521022
7891182860017
7896012806128
7891182014700
7891182017077
7891182010580
3014260273897
7897664110014
7891182870122
7891182015561
7896010100167
7891182017039
7891182001762
7891182015370
7896013511717
7891182870177
7891182870092
7896085833212
7891182870047
7896271300849
7896271300481
7896085833175
7891037006485
7898157615016
7891182006835
7891010047696
7898157615375
7891182870184
7896522022919
7891182850032
7896271300542
7891182850087
7896014149162
7896094909625
7896014149179
7898157617973
7898157617966
7898157614941
7891182860031
7891182840095
7893300521084
7896522021417
7891182870085
7896271300535
7896012806135
7896258350157
7896271300412
7898157617904
7891182013789
7891182014687
7891037006119
7896085813450
7891055680728
7896004816678
7891037011304
7891038376907
7898085942703
7897517901127
7896013525530
7891010038922
7896000650450
7891350025439
7898085942727
7897517901875
7897517903923
7891010031435
7891010031480
7896013505471
7891010047078
7897517904678
7891038406000
7896018701113
7897517901011
7897517901400
7891350005738
7891010002459
7891055687529
7891038404709
7896004816524
7897517903732
7891010039929
7891010017149
7891038404501
7791293092430
7891010032944
7891024114407
7896085840043
7891024187234
7898085944356
7891055325803
7891010047191
7891010041410
7891010005634
7891055337349
7891528016504
7896512904324
7891182006866
7896013501657
7896013501039
7896085813443
7891528012919
7896004817613
7891010041441
7896000671011
7891010040574
3014260279257
7891055337318
7896512904126
7891024183908
7891528091280
7891010030445
7891024131329
3014260292812
7897517901561
7891010030476
7891268400038
7891268400052
7891024131312
7891010008864
7896020156918
7896013500193
7896000650757
7896013501398
7896000623751
7891051028135
7891010040024
7898085941072
7891055687628
7891024185902
7896512904089
7891058009519
7891041003135
7896020154594
7891528011882
7891088020041
7897517901868
7897517904210
7896013501824
7896013502814
7896000622501
7896000625854
7891010041434
7891010044992
3014260292744
7891350003437
7891350003444
7891010007263
7896085840104
7891010038915
7897517904630
7891010008642
7897517901110
7896004814162
7891088093526
3014260279240
7891024110706
7891010047207
7898085944288
7891037001343
7891024115800
7891024196601
7896000650634
7897517902506
7891182870160
7896000622204
7896013514466
7896013502913
7896020153788
7891528012513
7891024181706
7891010031138
7891010031350
7891010038939
7891024144404
7891010034702
7896020153313
7896004811567
7896085870019
7891055325810
7896013502920
7898085942772
7898085942741
7891051028197
7891051028166
7891088012169